 MASS FRACTIONS:
 X(cm) H                H2               CH2              CH2(S)           CH3              O                CH4              OH               H2O              C2H2             C2H3             CO               C2H4             HCO              C2H5             CH2O             C2H6             CH2OH            CH3O             O2               HO2              H2O2             CO2              CH3HCO           CH3OCH2          HCOOH            CH3OCH3          HOCH2O           CH3OCO           CH3OCHO          CH3OCH2O         CH3OCH2OH        OCH2OCHO         HOCH2OCO         CH3OCH2O2        CH2OCH2O2H       HO2CH2OCHO       O2CH2OCH2O2H     N2              
 0.0000000  1.04033E-25  4.26022E-08  5.67927E-18  8.78241E-25  8.95924E-17 -1.44565E-36  4.05762E-11  4.59087E-30  3.84597E-11  6.03035E-13  4.95031E-21  5.03913E-11  5.11784E-13  6.16710E-20  4.89988E-18  6.35447E-13  6.38828E-14  3.08178E-20  3.23332E-19  8.94319E-15  3.91405E-17  5.25900E-16  1.63343E-12  1.51975E-15  1.36404E-18  4.59712E-17  1.00000E+00  1.19984E-28  1.37215E-18  9.48165E-19 -8.80089E-29  8.59288E-20  1.27961E-27  3.29563E-23  6.52318E-18  6.99842E-25  1.90752E-22  8.51096E-23  1.66546E-10
 0.0500000  2.52345E-25  1.26867E-07  4.81832E-17  7.45104E-24  7.78025E-16 -9.18718E-36  3.54673E-10  2.97354E-29  3.65585E-10  6.94810E-12  5.76691E-20  4.78380E-10  5.60058E-12  8.27445E-19  6.55998E-17  8.60855E-12  8.63535E-13  4.12419E-19  4.32698E-18  8.57391E-14  3.78312E-16  5.12292E-15  2.14315E-11  2.39429E-14  2.31507E-17  8.19525E-16  1.00000E+00  1.82348E-27  2.65001E-17  1.83759E-17 -1.83194E-27  1.56456E-18  2.41558E-26  6.22132E-22  1.23724E-16  1.32738E-23  3.72709E-21  1.70551E-21  1.56962E-09
 0.1000000  3.78959E-24  3.77214E-07  3.60653E-16  5.57648E-23  6.73822E-15 -7.32231E-34  3.09155E-09  2.41982E-27  3.46528E-09  7.98189E-11  6.69837E-19  4.52855E-09  6.11095E-11  1.09631E-17  8.75592E-16  1.16268E-10  1.16374E-11  5.50246E-18  5.77546E-17  8.19654E-13  3.64617E-15  4.97614E-14  2.80344E-10  3.76037E-13  3.69329E-16  1.45635E-14  1.00000E+00  9.88314E-26  5.10171E-16  3.55001E-16 -3.36796E-26  2.83970E-17  4.60784E-25  1.17070E-20  2.33921E-15  2.57708E-22  7.25914E-20  3.40674E-20  1.47511E-08
 0.2500000  5.44425E-22  4.05748E-06  1.30271E-14  2.01064E-21  2.95584E-13 -4.66228E-30  1.36628E-07  5.12060E-24  1.68726E-07  4.83408E-09  4.10719E-17  2.20169E-07  3.49264E-09  7.77920E-16  6.26631E-14  8.43007E-09  8.41734E-10  3.93611E-16  4.13346E-15  4.03021E-11  1.80964E-13  2.49189E-12  1.96209E-08  3.21632E-11  3.29519E-14  1.42386E-12  9.99995E-01  3.57917E-23  5.43578E-14  3.79661E-14  2.16815E-24  2.84022E-15  4.86601E-23  1.21724E-18  2.44454E-13  2.79772E-20  7.83133E-18  3.77591E-18  7.11202E-07
 0.5000000  1.64009E-19  5.46303E-05  3.60445E-13  5.42853E-20  1.43346E-11 -2.19721E-25  6.66915E-06  1.26080E-20  9.02434E-06  3.18102E-07  2.73584E-15  1.17593E-05  2.17484E-07  5.83868E-14  4.83773E-12  6.59006E-07  6.56489E-08  3.03768E-14  3.19227E-13  2.17564E-09  9.85602E-12  1.36867E-10  1.48270E-06  2.94779E-09  3.09110E-12  1.48514E-10  9.99877E-01  3.79369E-20  6.16269E-12  4.32008E-12  4.51324E-20  3.02847E-13  5.64016E-21  1.34770E-16  2.71984E-11  3.58987E-18  8.98677E-16  4.44832E-16  3.76868E-05
 0.6250000  2.38974E-17  2.08954E-04  6.96193E-13  9.82987E-20  1.61094E-10 -3.76007E-23  7.50813E-05  1.02237E-18  1.10461E-04  4.71967E-06  4.19429E-14  1.43778E-04  3.06477E-06  9.47495E-13  8.34052E-11  1.14946E-05  1.14268E-06  5.29126E-13  5.35429E-12  2.68626E-08  1.23038E-10  1.71704E-09  2.50486E-05  5.97882E-08  6.27788E-11  3.40822E-09  9.98959E-01  1.45733E-17  1.52456E-10  1.07750E-10  2.03510E-17  7.09564E-12  1.50861E-19  3.27503E-15  6.63516E-10  1.39315E-16  2.26024E-14  1.14740E-14  4.57451E-04
 0.7500000  3.14865E-15  7.65111E-04  6.08086E-13  8.86725E-20  1.82234E-09 -2.14405E-22  8.34434E-04  1.26329E-17  1.33422E-03  6.94040E-05  7.06032E-13  1.73898E-03  4.27710E-05  1.79004E-11  1.42942E-09  1.98992E-04  1.97621E-05  9.78653E-12  8.72369E-11  3.28076E-07  1.54763E-09  2.13123E-08  4.20175E-04  1.20587E-06  1.30981E-09  7.78453E-08  9.89082E-01  1.36415E-15  3.67339E-09  2.67090E-09  6.14714E-15  1.64585E-10  3.91747E-18  7.93078E-14  1.60599E-08  6.23040E-15  5.66613E-13  2.94981E-13  5.49272E-03
 0.7875000  1.50002E-14  1.11110E-03  3.95057E-13  9.97471E-20  5.19431E-09 -1.91164E-22  1.97445E-03  1.08772E-16  3.29864E-03  1.93589E-04  3.40838E-12  4.32292E-03  1.15511E-04  1.37462E-10  4.43264E-09  6.15333E-04  6.12062E-05  3.27145E-11  2.43285E-10  8.20447E-07  4.57132E-09  5.38889E-08  1.27501E-03  4.13621E-06  6.17105E-09  2.89806E-07  9.73428E-01  9.63387E-15  1.09588E-08  9.97848E-09  2.68721E-14  5.24937E-10  1.72612E-17  3.10107E-13  5.97711E-08  6.78217E-14  2.27226E-12  1.19934E-12  1.35991E-02
 0.8250000  4.69005E-14  1.58870E-03  1.34249E-13  1.76027E-19  1.57498E-08 -2.59815E-23  4.65314E-03  4.94545E-15  8.07696E-03  5.42234E-04  1.50068E-11  1.07681E-02  3.12614E-04  1.15714E-09  1.39783E-08  1.91714E-03  1.92070E-04  7.92560E-11  4.46186E-10  2.05687E-06  1.41119E-08  1.36695E-07  3.91163E-03  1.44183E-05  3.23308E-08  1.10368E-06  9.34282E-01  5.05730E-14  3.11185E-08  3.74302E-08  2.13474E-14  1.53093E-09  8.09067E-17  1.24702E-12  2.23621E-07  8.04313E-13  9.38669E-12  4.98835E-12  3.37377E-02
 0.8437500  5.09223E-14  1.87789E-03  5.00809E-14  2.37681E-19  3.02088E-08  5.68520E-23  6.89228E-03  2.42944E-14  1.21091E-02  8.71664E-04  3.11788E-11  1.64118E-02  4.94152E-04  4.73969E-09  2.42750E-08  3.24152E-03  3.27378E-04  1.17200E-10  5.63857E-10  3.15219E-06  2.54958E-08  2.09980E-07  6.58716E-03  2.58688E-05  8.51255E-08  2.07734E-06  8.99828E-01  3.63371E-14  4.40934E-08  6.67587E-08  9.17060E-15  2.02935E-09  2.77621E-16  2.42385E-12  3.81540E-07  5.72953E-12  1.85003E-11  9.52319E-12  5.13274E-02
 0.8625000  1.26711E-13  2.19892E-03  1.20509E-14  2.41125E-19  5.96119E-08  4.61499E-22  9.85345E-03  7.03640E-14  1.74076E-02  1.34083E-03  7.83880E-11  2.41211E-02  7.48511E-04  1.62563E-08  4.11448E-08  5.21094E-03  5.32334E-04  2.29961E-10  6.99037E-10  4.67083E-06  4.30148E-08  3.10494E-07  1.05858E-02  4.40069E-05  2.07868E-07  3.70356E-06  8.52626E-01  1.20909E-14  5.43635E-08  1.11875E-07  3.62009E-15  2.31339E-09  1.26893E-15  4.46941E-12  5.62267E-07  4.12253E-11  3.43459E-11  1.57495E-11  7.53212E-02
 0.8718750  2.99790E-13  2.37064E-03  5.30498E-15  2.39134E-19  9.02492E-08  2.57842E-21  1.16008E-02  1.21221E-13  2.05012E-02  1.63025E-03  1.43050E-10  2.87702E-02  9.03826E-04  2.81250E-08  5.36472E-08  6.45594E-03  6.64037E-04  3.54134E-10  7.44420E-10  5.60815E-06  5.24754E-08  3.71041E-07  1.31315E-02  5.59667E-05  3.05440E-07  4.81540E-06  8.24124E-01  7.16257E-15  5.55871E-08  1.40071E-07  2.28795E-15  2.35583E-09  2.89964E-15  5.96150E-12  6.06249E-07  9.53445E-11  4.42439E-11  1.66525E-11  8.97791E-02
 0.8812500  7.86214E-13  2.54965E-03  3.90159E-15  4.18866E-19  1.42466E-07  1.68094E-20  1.35239E-02  2.47489E-13  2.38739E-02  1.95707E-03  2.62417E-10  3.39573E-02  1.07814E-03  4.43647E-08  6.99758E-08  7.88051E-03  8.16588E-04  5.46554E-10  7.45677E-10  6.67463E-06  6.08844E-08  4.38260E-07  1.60625E-02  7.00157E-05  4.12351E-07  6.15173E-06  7.92312E-01  5.27651E-15  5.31831E-08  1.71780E-07  1.40511E-15  2.34322E-09  6.70455E-15  7.91247E-12  5.85314E-07  1.81324E-10  5.32819E-11  1.42181E-11  1.05903E-01
 0.8859375  1.26975E-12  2.64180E-03  4.70370E-15  7.42539E-19  1.83866E-07  4.23042E-20  1.45478E-02  3.95195E-13  2.56558E-02  2.13394E-03  3.57138E-10  3.67445E-02  1.17209E-03  5.32937E-08  8.00017E-08  8.65750E-03  9.00562E-04  6.77192E-10  7.28153E-10  7.25799E-06  6.39742E-08  4.73986E-07  1.76694E-02  7.78137E-05  4.51356E-07  6.90506E-06  7.75217E-01  5.18363E-15  5.06171E-08  1.88700E-07  1.05086E-15  2.32460E-09  1.03853E-14  9.15668E-12  5.40922E-07  2.25359E-10  5.53387E-11  1.17702E-11  1.14566E-01
 0.8906250  2.01525E-12  2.73570E-03  6.59068E-15  1.46407E-18  2.38730E-07  1.02831E-19  1.56125E-02  6.59733E-13  2.74984E-02  2.31967E-03  4.82146E-10  3.96596E-02  1.27051E-03  6.22753E-08  9.14297E-08  9.47710E-03  9.89696E-04  8.34564E-10  6.96359E-10  7.87536E-06  6.61030E-08  5.10932E-07  1.93704E-02  8.61302E-05  4.72036E-07  7.71642E-06  7.57338E-01  5.41755E-15  4.72023E-08  2.06298E-07  7.55192E-16  2.30016E-09  1.62149E-14  1.06276E-11  4.73091E-07  2.56938E-10  5.47082E-11  8.83044E-12  1.23624E-01
 0.8953125  3.12566E-12  2.83130E-03  9.74714E-15  2.95189E-18  3.09851E-07  2.39622E-19  1.67161E-02  1.08680E-12  2.93982E-02  2.51393E-03  6.44629E-10  4.26979E-02  1.37322E-03  7.08273E-08  1.04353E-07  1.03375E-02  1.08385E-03  1.02220E-09  6.50485E-10  8.52612E-06  6.71335E-08  5.48809E-07  2.11628E-02  9.49491E-05  4.68812E-07  8.58458E-06  7.38706E-01  5.69062E-15  4.31002E-08  2.24553E-07  5.17501E-16  2.27204E-09  2.51837E-14  1.23308E-11  3.86151E-07  2.64687E-10  5.06121E-11  5.91095E-12  1.33065E-01
 0.9000000  4.73049E-12  2.92857E-03  1.43292E-14  5.74255E-18  3.99035E-07  5.34316E-19  1.78571E-02  1.66964E-12  3.13514E-02  2.71636E-03  8.52870E-10  4.58547E-02  1.48003E-03  7.86555E-08  1.18810E-07  1.12369E-02  1.18284E-03  1.24422E-09  5.92730E-10  9.20888E-06  6.70245E-08  5.87251E-07  2.30431E-02  1.04252E-04  4.42907E-07  9.50789E-06  7.19349E-01  5.68022E-15  3.85277E-08  2.43480E-07  3.38400E-16  2.24174E-09  3.78541E-14  1.41358E-11  2.89902E-07  2.42956E-10  4.29393E-11  3.47508E-12  1.42874E-01
 0.9125000  1.27436E-11  3.19583E-03  3.33459E-14  2.31444E-17  7.27216E-07  3.65352E-18  2.10716E-02  2.27133E-12  3.68003E-02  3.29379E-03  1.67932E-09  5.48229E-02  1.78368E-03  9.61272E-08  1.64595E-07  1.38122E-02  1.46932E-03  2.02677E-09  4.06011E-10  1.11740E-05  6.15575E-08  6.90343E-07  2.84646E-02  1.31283E-04  3.13641E-07  1.22259E-05  6.64386E-01  2.68253E-15  2.52977E-08  2.97375E-07  9.06415E-17  2.15473E-09  6.99348E-14  1.72614E-11  5.98354E-08  7.46846E-11  1.02491E-11  3.65410E-13  1.70742E-01
 0.9250000  3.26200E-11  3.47320E-03  9.30794E-14  1.00434E-16  1.24892E-06  2.08706E-17  2.44953E-02  1.45464E-12  4.25291E-02  3.91707E-03  3.21881E-09  6.44700E-02  2.11026E-03  1.20104E-07  2.16906E-07  1.65961E-02  1.78343E-03  3.23085E-09  2.65614E-10  1.33024E-05  5.30387E-08  7.83777E-07  3.43860E-02  1.61007E-04  2.25236E-07  1.52588E-05  6.05316E-01  6.80680E-16  1.51563E-08  3.56725E-07  2.59708E-17  2.06381E-09  3.82983E-14  7.58305E-12  4.17454E-09  6.66819E-12  2.64498E-13  1.11478E-14  2.00731E-01
 0.9500000  2.07056E-10  4.05452E-03  9.30558E-13  2.32564E-15  3.44474E-06  4.80676E-16  3.18477E-02  8.70306E-12  5.46367E-02  5.27591E-03  1.09184E-08  8.54553E-02  2.81938E-03  2.27192E-07  3.14433E-07  2.26316E-02  2.47942E-03  7.62678E-09  2.77250E-10  1.80124E-05  4.19310E-08  9.05620E-07  4.74595E-02  2.26908E-04  1.47486E-07  2.21009E-05  4.77014E-01  8.70733E-16  1.21936E-08  4.90547E-07  3.86896E-18  1.87190E-09  4.90944E-15  5.00107E-13  9.17660E-11  1.89442E-13  7.60032E-17  3.79470E-17  2.66053E-01
 0.9750000  1.52124E-09  4.65536E-03  1.22728E-11  5.75058E-14  1.07070E-05  9.55680E-15  3.94278E-02  1.32628E-10  6.71028E-02  6.71126E-03  4.07128E-08  1.07630E-01  3.56592E-03  6.15984E-07  3.82485E-07  2.86722E-02  3.21752E-03  1.84646E-08  8.47089E-09  2.31817E-05  5.54822E-08  8.43709E-07  6.13824E-02  2.96659E-04  1.42259E-07  2.94807E-05  3.41913E-01  3.92905E-15  6.96797E-08  6.35307E-07  4.62819E-18  1.67070E-09  3.00425E-16  1.77022E-14  8.84656E-12  2.06928E-14  2.85858E-20  5.98482E-19  3.35360E-01
 1.0000000  1.37820E-08  5.24934E-03  1.98916E-10  1.59113E-12  3.75724E-05  2.09756E-13  4.63473E-02  1.90113E-09  7.93631E-02  8.14320E-03  1.65509E-07  1.29673E-01  4.30642E-03  2.25325E-06  7.35827E-07  3.32376E-02  3.92776E-03  4.77329E-08  1.69046E-07  2.87837E-05  1.12233E-07  5.23224E-07  7.53003E-02  3.64046E-04  1.75269E-07  3.68937E-05  2.08904E-01  2.08608E-14  5.07203E-07  7.78675E-07  5.72649E-17  1.46403E-09  1.41458E-17  5.44769E-16  1.90718E-12  4.81074E-15  4.39733E-22  3.17628E-20  4.05076E-01
 1.0125000  4.23778E-08  5.51939E-03  8.46321E-10  8.53004E-12  7.01713E-05  1.03215E-12  4.86697E-02  6.97598E-09  8.51122E-02  8.82032E-03  3.42712E-07  1.39741E-01  4.64681E-03  4.43597E-06  1.24233E-06  3.34156E-02  4.19834E-03  7.60126E-08  4.95780E-07  3.19096E-05  1.66500E-07  3.45344E-07  8.18749E-02  3.90165E-04  1.95096E-07  4.03534E-05  1.49167E-01  4.80490E-14  1.14037E-06  8.35760E-07  1.56827E-16  1.35981E-09  1.36514E-18  4.40885E-17  1.05492E-12  2.73610E-15  8.24122E-23  9.67822E-21  4.38293E-01
 1.0250000  1.18372E-07  5.75285E-03  3.05042E-09  3.84584E-11  1.18243E-04  4.89581E-12  4.96963E-02  2.37429E-08  9.04560E-02  9.45445E-03  6.68106E-07  1.48547E-01  4.94742E-03  7.86654E-06  2.09145E-06  3.13832E-02  4.34386E-03  1.10459E-07  1.10691E-06  3.54097E-05  2.32641E-07  1.98478E-07  8.80319E-02  4.03909E-04  1.90077E-07  4.34360E-05  9.71922E-02  1.01306E-13  2.05920E-06  8.68221E-07  3.14195E-16  1.25555E-09  2.40813E-19  6.65083E-18  5.62860E-13  1.49466E-15  1.69542E-23  3.05263E-21  4.69578E-01
 1.0375000  2.91804E-07  5.92226E-03  9.29122E-09  1.44105E-10  1.77215E-04  2.23029E-11  4.89081E-02  7.51762E-08  9.52372E-02  1.00267E-02  1.21924E-06  1.55139E-01  5.17294E-03  1.19159E-05  3.30578E-06  2.66934E-02  4.26198E-03  1.42047E-07  1.88899E-06  3.95340E-05  2.95487E-07  1.00579E-07  9.36097E-02  3.91366E-04  1.55094E-07  4.56351E-05  5.62598E-02  1.89023E-13  2.96603E-06  8.52732E-07  4.46236E-16  1.15192E-09  2.59052E-19  6.22406E-18  2.75129E-13  7.45558E-16  3.63712E-24  9.47256E-22  4.98092E-01
 1.0500000  6.14358E-07  5.99593E-03  2.36912E-08  4.41546E-10  2.35771E-04  9.50419E-11  4.61122E-02  2.18241E-07  9.93453E-02  1.05169E-02  2.02129E-06  1.58354E-01  5.26550E-03  1.45414E-05  4.57986E-06  1.99638E-02  3.86620E-03  1.63407E-07  2.47208E-06  4.45912E-05  3.28759E-07  4.44570E-08  9.84889E-02  3.36068E-04  1.01432E-07  4.58985E-05  2.81719E-02  2.96584E-13  3.36354E-06  7.72417E-07  4.40922E-16  1.05008E-09  4.34827E-19  9.20717E-18  1.16768E-13  3.22098E-16  8.41719E-25  2.73028E-22  5.23228E-01
 1.0625000  1.06851E-06  5.95235E-03  5.02756E-08  1.09490E-09  2.83381E-04  3.54219E-10  4.16528E-02  5.57433E-07  1.02778E-01  1.09029E-02  2.89915E-06  1.57345E-01  5.15297E-03  1.35852E-05  5.21426E-06  1.29161E-02  3.17544E-03  1.84849E-07  2.49758E-06  5.08403E-05  3.09892E-07  1.67587E-08  1.02647E-01  2.36744E-04  5.10531E-08  4.27156E-05  1.19437E-02  3.66221E-13  2.98175E-06  6.38086E-07  3.06683E-16  9.51706E-10  7.10742E-19  1.33968E-17  4.07280E-14  1.14150E-16  3.73098E-25  6.84787E-23  5.44890E-01
 1.0750000  1.51574E-06  5.79641E-03  8.89386E-08  2.20431E-09  3.17326E-04  1.04815E-09  3.62612E-02  1.19292E-06  1.05646E-01  1.11569E-02  3.45809E-06  1.52283E-01  4.79020E-03  9.53963E-06  4.71344E-06  7.25311E-03  2.33673E-03  2.29330E-07  1.95652E-06  5.83631E-05  2.48006E-07  5.63212E-09  1.06171E-01  1.24300E-04  1.92096E-08  3.52683E-05  4.21334E-03  3.37048E-13  2.05795E-06  4.85033E-07  1.59187E-16  8.58532E-10  1.22509E-18  2.07129E-17  1.11495E-14  3.17075E-17  5.23554E-25  1.40689E-23  5.63532E-01
 1.0875000  1.83642E-06  5.55855E-03  1.36258E-07  3.76718E-09  3.41091E-04  2.37126E-09  3.06469E-02  2.14927E-06  1.08113E-01  1.12497E-02  3.49455E-06  1.44400E-01  4.20800E-03  5.18468E-06  3.48320E-06  3.54100E-03  1.53070E-03  3.06236E-07  1.15358E-06  6.70793E-05  1.81672E-07  1.98966E-09  1.09204E-01  4.32172E-05  5.31727E-09  2.49942E-05  1.18729E-03  2.31642E-13  1.07382E-06  3.45586E-07  6.91891E-17  7.71856E-10  2.30235E-18  3.51408E-17  2.32582E-15  6.70378E-18  1.02030E-24  2.27134E-24  5.79865E-01
 1.1000000  2.12284E-06  5.27538E-03  2.00754E-07  6.09563E-09  3.62276E-04  4.59517E-09  2.52252E-02  3.55618E-06  1.10319E-01  1.11628E-02  3.27730E-06  1.35195E-01  3.50429E-03  2.17145E-06  2.32320E-06  1.37867E-03  8.85655E-04  4.30293E-07  3.53102E-07  7.69260E-05  1.42739E-07  9.25022E-10  1.11876E-01  7.13144E-06  7.94872E-10  1.49805E-05  1.82866E-04  1.20420E-13  3.21953E-07  2.33503E-07  3.07817E-17  6.92276E-10  4.78192E-18  6.63081E-17  2.69852E-16  7.87499E-19  2.17381E-24  2.09298E-25  5.94518E-01
 1.1375000  5.62190E-06  4.32399E-03  1.13834E-06  4.51833E-08  5.28053E-04  4.49565E-08  1.10095E-02  2.03857E-05  1.16003E-01  9.84544E-03  3.23608E-06  1.06527E-01  1.32718E-03  4.03398E-07  1.37302E-06  1.19297E-04  1.46678E-04  1.98277E-06  3.24672E-08  1.13724E-04  3.18817E-07  1.21073E-09  1.18423E-01  9.11638E-08  1.46484E-11  1.89314E-06  2.25899E-06  3.16321E-14  4.87500E-08  4.99758E-08  1.33010E-17  4.92729E-10  5.44714E-17  5.88909E-16  2.73273E-18  8.22783E-21  4.25100E-23  1.22798E-27  6.31594E-01
 1.1562500  1.30204E-05  3.81875E-03  3.78074E-06  1.68136E-07  6.37630E-04  2.73479E-07  5.54757E-03  6.56074E-05  1.18495E-01  8.33459E-03  3.73651E-06  9.38275E-02  6.53470E-04  4.55082E-07  1.54443E-06  6.43951E-05  6.42292E-05  5.52113E-06  2.09414E-08  1.55731E-04  7.38620E-07  2.74309E-09  1.21155E-01  3.25462E-08  7.00137E-13  1.14288E-06  5.48785E-08  4.18348E-14  5.52414E-08  1.44212E-08  8.39246E-18  4.13339E-10  2.21226E-16  2.15656E-15  1.19677E-19  3.64910E-22  3.40579E-22  5.02551E-29  6.47151E-01
 1.1656250  2.11299E-05  3.54305E-03  6.83946E-06  3.18755E-07  6.40792E-04  8.38523E-07  3.44849E-03  1.26050E-04  1.19646E-01  7.30423E-03  3.85543E-06  8.77389E-02  4.12043E-04  7.11013E-07  1.46629E-06  6.53397E-05  3.79115E-05  8.66868E-06  2.76730E-08  1.98837E-04  1.10761E-06  4.55843E-09  1.22526E-01  3.24968E-08  1.67614E-13  1.48379E-06  3.39669E-09  7.42266E-14  6.22879E-08  6.09546E-09  5.62249E-18  3.78204E-10  4.05827E-16  3.77729E-15  3.06356E-20  9.39347E-23  9.67044E-22  1.38727E-29  6.54266E-01
 1.1750000  3.38341E-05  3.24320E-03  1.10016E-05  5.30660E-07  5.64386E-04  2.71100E-06  1.87633E-03  2.40973E-04  1.20710E-01  6.08450E-03  3.48254E-06  8.16594E-02  2.28966E-04  1.11017E-06  1.08991E-06  6.61850E-05  1.80112E-05  1.16401E-05  3.34331E-08  2.73155E-04  1.52049E-06  8.03406E-09  1.24007E-01  3.01307E-08  1.15512E-13  2.16757E-06  5.75531E-10  1.35518E-13  6.25420E-08  2.09901E-09  3.04211E-18  3.45860E-10  6.27741E-16  5.60211E-15  2.47163E-20  7.61687E-23  2.35304E-21  1.32021E-29  6.60959E-01
 1.1843750  5.21141E-05  2.91316E-03  1.46454E-05  7.18562E-07  4.10847E-04  8.85494E-06  8.62711E-04  4.48269E-04  1.21650E-01  4.71415E-03  2.51973E-06  7.53468E-02  1.03973E-04  1.52785E-06  5.59636E-07  6.00321E-05  6.14337E-06  1.24044E-05  3.30665E-08  4.14228E-04  1.83849E-06  1.55336E-08  1.25734E-01  2.16039E-08  7.46474E-14  3.02749E-06  2.27510E-10  2.23625E-13  5.21544E-08  5.65802E-10  1.24830E-18  3.16101E-10  7.64449E-16  6.57488E-15  2.10781E-20  6.52447E-23  4.49904E-21  1.49552E-29  6.67238E-01
 1.1937500  7.52290E-05  2.55458E-03  1.51861E-05  7.40005E-07  2.35127E-04  2.72347E-05  3.25387E-04  7.91243E-04  1.22407E-01  3.30587E-03  1.35576E-06  6.85428E-02  3.55530E-05  1.74199E-06  1.79780E-07  4.67347E-05  1.38051E-06  9.84525E-06  2.55241E-08  6.97446E-04  1.90395E-06  3.26076E-08  1.27806E-01  1.07887E-08  3.30476E-14  3.70668E-06  6.67467E-11  3.10989E-13  3.45033E-08  1.16125E-10  3.69476E-19  2.88719E-10  6.90673E-16  5.76099E-15  1.40187E-20  4.35527E-23  6.24197E-21  1.50228E-29  6.73114E-01
 1.2031250  1.00217E-04  2.17966E-03  1.22287E-05  5.70586E-07  1.03773E-04  7.42117E-05  9.91314E-05  1.30413E-03  1.22885E-01  2.03335E-03  5.48858E-07  6.11075E-02  8.75765E-06  1.59930E-06  3.50141E-08  3.05403E-05  1.98857E-07  5.65852E-06  1.53072E-08  1.27449E-03  1.70379E-06  6.97849E-08  1.30158E-01  3.58593E-09  9.47484E-15  3.78931E-06  1.20450E-11  3.48670E-13  1.77951E-08  1.78649E-11  7.68427E-20  2.63519E-10  4.49862E-16  3.66557E-15  6.74254E-21  2.10064E-23  6.03468E-21  1.21708E-29  6.78614E-01
 1.2125000  1.22515E-04  1.81015E-03  7.98789E-06  3.40543E-07  3.55977E-05  1.72958E-04  2.29944E-05  1.98829E-03  1.22928E-01  1.06001E-03  1.79019E-07  5.31491E-02  1.40721E-06  1.18404E-06  4.08557E-09  1.66056E-05  1.78142E-08  2.34811E-06  7.27568E-09  2.41927E-03  1.43834E-06  1.41891E-07  1.32469E-01  7.95899E-10  1.75428E-15  3.19941E-06  1.33310E-12  3.08854E-13  7.14051E-09  1.58097E-12  8.86402E-21  2.40317E-10  2.10359E-16  1.68789E-15  2.24412E-21  7.00466E-24  4.02325E-21  7.30140E-30  6.83787E-01
 1.2312500  1.44681E-04  1.16536E-03  2.40713E-06  9.17817E-08  4.24444E-06  5.76231E-04  1.74193E-06  3.64642E-03  1.21139E-01  1.83913E-04  2.43454E-08  3.68014E-02  6.01441E-08  5.24111E-07  7.68598E-11  4.43527E-06  2.44222E-10  3.24216E-07  1.55384E-09  7.59170E-03  1.78352E-06  4.41746E-07  1.35396E-01  4.10068E-11  5.63049E-17  1.85159E-06  1.94470E-14  1.77778E-13  1.06010E-09  4.16063E-14  3.03507E-22  1.99112E-10  3.29764E-17  2.62961E-16  2.22663E-22  6.95564E-25  1.13372E-21  2.24208E-30  6.93338E-01
 1.2406250  1.41328E-04  9.23859E-04  8.10523E-07  2.91737E-08  1.00966E-06  8.35896E-04  3.23209E-07  4.33664E-03  1.19095E-01  5.35310E-05  6.45601E-09  2.96963E-02  6.75749E-09  2.24183E-07  4.62405E-12  1.48856E-06  1.16957E-11  7.30505E-08  4.60359E-10  1.23805E-02  2.31452E-06  6.50502E-07  1.34717E-01  4.58061E-12  4.49896E-18  9.13282E-07  1.08263E-15  8.04934E-14  2.78511E-10  2.77043E-15  2.19355E-23  1.80860E-10  7.92058E-18  6.37978E-17  3.02729E-23  9.44554E-26  3.40686E-22  5.17789E-31  6.97812E-01
 1.2500000  1.31409E-04  7.30416E-04  1.51639E-07  5.17072E-09  1.45341E-07  1.07953E-03  3.84147E-08  4.81780E-03  1.16426E-01  9.34947E-06  1.09158E-09  2.35673E-02  5.32778E-10  6.45614E-08  1.59067E-13  2.84112E-07  2.57246E-13  9.36431E-09  7.80185E-11  1.86079E-02  3.04230E-06  8.76117E-07  1.32527E-01  2.31078E-13  1.25069E-19  3.00456E-07  2.45002E-17  2.21309E-14  4.27660E-11  1.12336E-16  8.05818E-25  1.64020E-10  9.98828E-19  8.19417E-18  1.36222E-24  4.24097E-27  5.21803E-23  3.75945E-32  7.02099E-01
 1.2812500  7.99771E-05  3.31831E-04  3.94093E-09  1.11294E-10  2.53889E-09  1.45313E-03  7.12775E-10  4.75609E-03  1.04444E-01  2.84616E-07  3.49884E-11  1.00398E-02  1.02354E-11  8.23525E-09  1.58566E-15  8.87152E-09  5.16888E-16  8.70663E-11  1.70787E-12  4.77435E-02  5.84890E-06  1.60123E-06  1.15982E-01  2.62260E-15  7.92954E-23  5.48732E-08  2.08811E-20  2.16837E-15  9.06299E-13  1.12799E-18  4.24589E-27  1.16287E-10 -1.46916E-18 -1.36183E-17  3.59877E-27  1.10405E-29 -1.36143E-22  4.04917E-34  7.15162E-01
 1.3125000  3.84585E-05  1.39488E-04  8.02971E-11  1.67743E-12  4.38511E-11  1.19954E-03  1.65655E-11  3.22015E-03  8.97389E-02  1.02453E-08  1.53988E-12  3.76580E-03  3.55417E-13  1.66325E-09  6.36071E-17  2.41067E-10  2.96400E-18  6.33962E-13  2.86209E-14  8.33739E-02  8.61883E-06  2.43628E-06  9.21858E-02  3.83190E-16  4.98327E-26  1.49922E-08  2.29010E-23  3.18850E-16  1.68858E-14  4.94246E-19  1.01379E-27  7.92249E-11 -1.16018E-16 -1.35728E-15  1.00551E-29  2.99820E-32 -2.25769E-20  2.91702E-36  7.26327E-01
 1.3437500  1.43949E-05  5.22111E-05  1.79143E-12  2.35324E-14  9.79630E-13  6.77217E-04  7.27025E-13  1.51306E-03  7.35112E-02  6.16440E-10  1.10693E-13  1.38784E-03  2.59628E-14  3.47282E-10  8.07887E-18  9.82593E-12  4.06101E-19  4.58413E-15  6.06903E-16  1.19913E-01  1.18675E-05  3.38625E-06  6.70822E-02  9.47326E-16  2.02852E-27  4.37320E-09  6.59695E-26  5.01692E-17  3.63357E-16 -3.46971E-20 -3.40626E-29  5.09332E-11 -7.45161E-15 -1.27326E-13  2.81780E-30  7.98954E-33 -4.57118E-18 -3.53904E-35  7.35834E-01
 1.3750000  3.59529E-06  2.24590E-05  6.16982E-14  3.96404E-16  4.31189E-14  2.34271E-04  1.11067E-13  4.39890E-04  5.65769E-02  1.03847E-10  1.04075E-14  6.64256E-04  3.80921E-15  5.91975E-11  2.67039E-18  1.05328E-12  4.36686E-19 -8.17496E-16  4.77230E-17  1.53570E-01  1.66144E-05  3.59451E-06  4.44750E-02  1.02104E-15  2.17709E-30  5.74050E-09  2.18617E-27  2.74612E-17  1.46495E-17 -1.36220E-18 -4.84142E-28  2.99741E-11 -3.21428E-13 -9.95561E-12  5.02535E-32  1.26285E-34 -1.30594E-15 -3.56536E-34  7.43993E-01
 1.3906250  1.28130E-06  1.71142E-05  1.00398E-14  3.90208E-17  8.35674E-15  1.02670E-04  5.51347E-14  1.86622E-04  4.82423E-02  5.28898E-11  2.23230E-15  4.88999E-04  1.43871E-15  1.67578E-11  1.34918E-18 -7.64654E-12  3.03406E-19 -8.32105E-15  1.49702E-17  1.68413E-01  1.86119E-05  3.28853E-06  3.49002E-02  8.36558E-16 -1.94234E-31  4.42124E-08  2.82760E-28  5.98976E-17  3.51659E-18  2.89196E-18  9.34118E-26  2.20019E-11 -4.35157E-12 -2.03004E-10  2.66748E-33  1.22580E-33 -7.01085E-14  1.69889E-31  7.47626E-01
 1.4062500  3.29317E-07  1.45801E-05  1.67921E-15  3.31527E-18  6.64240E-16  3.74356E-05  3.57648E-14  6.93289E-05  4.01787E-02  3.43977E-11  4.05368E-16  3.70803E-04  6.90357E-16  3.24766E-12  6.09769E-19 -6.03621E-11 -4.31731E-19 -3.59048E-14 -2.47896E-17  1.81736E-01  1.78507E-05  2.97999E-06  2.65854E-02  6.32580E-16  1.75449E-29  1.96305E-07 -5.14441E-27 -6.54976E-16  7.47532E-19  8.48521E-19  4.45401E-27  1.55853E-11 -2.92719E-11 -2.27112E-09  1.98602E-28  2.17763E-30 -3.26213E-12  5.88562E-28  7.50986E-01
 1.4218750  5.65727E-08  1.29689E-05  2.90471E-16  2.11042E-19 -7.62084E-16  1.33714E-05  2.60597E-14  2.48511E-05  3.25546E-02  2.43786E-11  5.06541E-17  2.79773E-04  4.02938E-16  3.71898E-13  1.49558E-19 -1.21927E-10 -2.31657E-18 -6.91112E-14 -6.38845E-17  1.93481E-01  1.22396E-05  2.54022E-06  1.95454E-02  4.53151E-16  2.69322E-27  5.37661E-07 -3.04399E-26 -6.98619E-15  4.81748E-19 -3.77882E-19 -5.09136E-30  1.05673E-11 -1.19990E-10 -1.49400E-08  1.45924E-25  6.43943E-28 -8.02970E-10  4.40482E-25  7.54073E-01
 1.4375000  6.90894E-09  1.16126E-05  5.62970E-17  2.28937E-20  1.86700E-16  5.45671E-06  1.94135E-14  9.61334E-06  2.55132E-02  1.72941E-11  4.09438E-18  2.05573E-04  2.58498E-16  5.86771E-14 -2.36838E-21  1.01866E-10 -5.17499E-18  2.47702E-14  4.84245E-17  2.03616E-01  5.91601E-06  1.96458E-06  1.37584E-02  3.08383E-16  2.65135E-27  1.04861E-06 -1.07022E-25  1.54423E-14  3.04883E-18 -5.43665E-20  1.46336E-27  6.78834E-12 -9.79270E-11  2.64113E-08  4.92591E-24  7.55730E-27 -1.05630E-07  6.27851E-23  7.56871E-01
 1.4531250  8.17105E-10  1.03196E-05  1.19699E-17  2.83311E-21  1.58290E-16  2.57045E-06  1.40750E-14  4.10128E-06  1.91846E-02  1.18420E-11  2.70119E-19  1.44953E-04  1.68801E-16  1.70772E-14 -1.31027E-20  2.01626E-10 -8.24813E-18  3.73758E-14  9.30786E-17  2.12107E-01  2.49070E-06  1.35755E-06  9.17653E-03  1.97514E-16  8.91206E-29  1.61202E-06 -2.25002E-25  2.13911E-13  4.41123E-18  1.44714E-19  6.29923E-32  4.07766E-12  2.66902E-10  3.17780E-07  1.90119E-23  7.17355E-26 -4.84161E-07  1.50003E-21  7.59365E-01
 1.4687500  1.21312E-10  9.04528E-06  2.68678E-18  4.07691E-22  6.93983E-17  1.35298E-06  9.73930E-15  1.85678E-06  1.36978E-02  7.66133E-12  1.87981E-20  9.67183E-05  1.07257E-16  3.50768E-15 -6.10885E-21  1.14908E-10 -1.10504E-17  4.98767E-15  5.36082E-17  2.18944E-01  1.05947E-06  7.89465E-07  5.71981E-03  1.17163E-16 -3.42499E-30  2.12854E-06 -3.68165E-25  4.39928E-13  3.49642E-18  7.60269E-20  9.48944E-29  2.24934E-12  7.59210E-11  5.93898E-07  1.00880E-23  3.39577E-28 -7.79185E-07  6.11267E-21  7.61525E-01
 1.4843750  2.18394E-11  7.79498E-06  6.32154E-19  6.61779E-23  2.75589E-17  7.88252E-07  6.33740E-15  8.29857E-07  9.16743E-03  4.58879E-12  1.38163E-21  6.00294E-05  6.42934E-17  6.64965E-16 -2.16766E-21  5.47125E-11 -1.32150E-17  2.93772E-16  2.28509E-17  2.24174E-01  4.35754E-07  3.10369E-07  3.26629E-03  6.27929E-17  1.41791E-29  2.54354E-06 -4.79731E-25  6.03319E-13  2.03824E-18  3.58586E-20  4.72321E-34  1.10625E-12 -1.09308E-12  7.83955E-07 -1.17339E-24  3.43873E-33 -9.68615E-07  2.58001E-21  7.63319E-01
 1.5000000  5.21210E-12  6.59548E-06  1.54805E-19 -2.02380E-24  4.35497E-18  5.06500E-07  3.81137E-15  3.22457E-07  5.65561E-03  2.47067E-12  1.21127E-22  3.38019E-05  3.52192E-17  1.12825E-16 -6.85651E-22  2.50718E-11 -1.43230E-17  1.33008E-17  9.63574E-18  2.27929E-01 -2.97000E-08  4.75596E-08  1.64823E-03  2.89159E-17  3.48642E-29  2.62691E-06 -4.50139E-25  6.81532E-13  9.42459E-19  1.39558E-20 -1.63761E-33  4.52471E-13 -6.70007E-10  8.93289E-07  2.01788E-27  9.05218E-35 -1.07387E-06  6.44053E-22  7.64723E-01
 1.5039062  4.12291E-12  6.30786E-06  1.07658E-19 -7.84481E-24 -1.71465E-18  4.51673E-07  3.31322E-15  2.50486E-07  4.94497E-03  2.07725E-12  7.37330E-23  2.88155E-05  2.98039E-17  7.10124E-17 -5.30181E-22  2.03078E-11 -1.41912E-17  6.35036E-18  9.21052E-18  2.28649E-01 -2.19145E-07  5.43966E-08  1.35859E-03  2.31418E-17  2.89225E-29  2.51172E-06 -3.84423E-25  6.89520E-13  7.57059E-19  1.05807E-20 -4.12516E-33  3.48485E-13 -1.00244E-08  9.10563E-07  1.54545E-25  3.57475E-34 -1.07878E-06  4.87443E-22  7.65009E-01
 1.5078125  3.68344E-12  6.02677E-06  7.44070E-20 -1.12813E-23 -8.37782E-18  4.00148E-07  2.86883E-15  2.04057E-07  4.30465E-03  1.73684E-12  5.06993E-23  2.44735E-05  2.51064E-17  4.71153E-17 -4.16300E-22  1.64521E-11 -1.38490E-17  3.15405E-18  1.11868E-17  2.29282E-01 -4.74655E-07  1.18098E-07  1.11265E-03  1.83678E-17  2.08524E-29  2.28302E-06 -3.03751E-25  6.95195E-13  6.04485E-19  7.93565E-21 -1.20016E-32  2.65605E-13 -8.50415E-08  9.24613E-07  2.25174E-25  2.31412E-34 -9.98490E-07  3.64643E-22  7.65267E-01
 1.5097656  3.72838E-12  5.88889E-06  6.14027E-20 -1.97992E-23 -1.22979E-17  3.74299E-07  2.66601E-15  1.95251E-07  4.01025E-03  1.58522E-12  4.50257E-23  2.25873E-05  2.30079E-17  4.05528E-17 -3.61529E-22  1.48135E-11 -1.35771E-17  2.26233E-18  1.43589E-17  2.29568E-01 -6.96020E-07  2.37195E-07  1.00475E-03  1.63186E-17  2.15886E-29  1.98285E-06 -2.62739E-25  6.98336E-13  5.38907E-19  6.84746E-21 -2.17697E-32  2.31066E-13 -3.42330E-07  9.31238E-07  2.39113E-25  1.70219E-34 -6.82991E-07  3.14144E-22  7.65386E-01
 1.5117188  3.72676E-12  5.75291E-06  5.02393E-20 -3.46497E-23 -1.68014E-17  3.47755E-07  2.47575E-15  1.88639E-07  3.73273E-03  1.44541E-12  3.94991E-23  2.09794E-05  2.10686E-17  3.50816E-17 -3.09699E-22  1.33521E-11 -1.32308E-17  1.64628E-18  1.97623E-17  2.29834E-01 -1.09275E-06  5.28140E-07  9.06313E-04  1.44782E-17  2.61937E-29  1.30942E-06 -2.22259E-25  7.01327E-13  4.79534E-19  5.89964E-21 -3.37377E-32  2.00697E-13 -1.26720E-06  9.38892E-07  2.39659E-25  1.20753E-34  4.67634E-07  2.70168E-22  7.65499E-01
 1.5136719  2.52876E-12  5.61891E-06  4.09172E-20 -2.39636E-23 -2.18313E-17  3.19453E-07  2.29753E-15  1.34248E-07  3.47160E-03  1.31674E-12  2.35229E-23  1.99536E-05  1.92791E-17  2.28489E-17 -2.25187E-22  1.20518E-11 -1.28023E-17  1.22037E-18  2.78146E-17  2.30081E-01 -2.03429E-06  1.36821E-06  8.16698E-04  1.28295E-17  1.44526E-29 -5.63725E-07 -1.82900E-25  7.02977E-13  4.25193E-19  5.07689E-21  6.46561E-33  1.74067E-13 -4.86196E-06  9.51158E-07  2.25536E-25  7.98167E-35  4.95828E-06  2.31979E-22  7.65605E-01
 1.5146484  4.65099E-13  5.55267E-06  3.73725E-20  4.04950E-23 -2.36749E-17  3.03734E-07  2.21276E-15  2.64829E-08  3.34705E-03  1.25640E-12  4.11904E-24  1.99671E-05  1.84381E-17  5.05423E-18 -1.79644E-22  1.14548E-11 -1.25525E-17  1.06300E-18  3.11890E-17  2.30198E-01 -3.07574E-06  2.37135E-06  7.75031E-04  1.20725E-17  2.47530E-30 -2.78731E-06 -1.66326E-25  7.04075E-13  3.99214E-19  4.70806E-21 -7.73821E-34  1.62043E-13 -9.84067E-06  9.63488E-07  2.15959E-25  6.33778E-35  1.11846E-05  2.14869E-22  7.65655E-01
 1.5156250 -1.93253E-12  5.48694E-06  3.35456E-20  6.78154E-23 -2.36926E-17  2.86304E-07  2.13075E-15 -1.02013E-07  3.22646E-03  1.19866E-12 -1.56455E-23  2.01372E-05  1.76320E-17 -1.36452E-17 -4.47296E-23  1.08876E-11 -1.22780E-17  9.36515E-19  3.09364E-17  2.30310E-01 -4.26820E-06  3.52706E-06  7.35386E-04  1.13585E-17 -1.29714E-29 -5.30555E-06 -1.52992E-25  7.07829E-13  3.73610E-19  4.36574E-21  8.95291E-32  1.50833E-13 -1.55482E-05  9.83615E-07  2.06657E-25  4.99435E-35  1.83068E-05  1.99002E-22  7.65704E-01
 1.5166016 -2.86102E-12  5.42172E-06  2.85195E-20 -1.34088E-23 -2.05446E-17  2.66472E-07  2.05136E-15 -1.27362E-07  3.10975E-03  1.14343E-12 -2.18525E-23  1.93234E-05  1.68595E-17 -1.70673E-17  1.25160E-22  1.03440E-11 -1.19782E-17  8.36780E-19  2.37315E-17  2.30418E-01 -4.26476E-06  3.44490E-06  6.97683E-04  1.06854E-17  2.95244E-30 -4.92350E-06 -1.44143E-25  7.16697E-13  3.48104E-19  4.04784E-21  6.58476E-32  1.40389E-13 -1.49730E-05  1.01479E-06  2.00129E-25  4.28764E-35  1.75096E-05  1.84298E-22  7.65752E-01
 1.5175781 -2.48890E-12  5.35700E-06  2.40849E-20 -5.53828E-23 -1.66961E-17  2.44446E-07  1.97466E-15 -9.96399E-08  2.99684E-03  1.09061E-12 -1.78908E-23  1.71116E-05  1.61193E-17 -1.27726E-17  2.14850E-22  9.82230E-12 -1.16535E-17  7.55948E-19  1.59770E-17  2.30522E-01 -2.57711E-06  1.62116E-06  6.61846E-04  1.00514E-17  1.43166E-29 -5.67529E-07 -1.37654E-25  7.29315E-13  3.23491E-19  3.75298E-21  1.95999E-32  1.30664E-13 -6.95050E-06  1.05472E-06  1.93579E-25  3.67069E-35  7.34756E-06  1.70682E-22  7.65797E-01
 1.5185547 -1.71091E-12  5.29279E-06  2.04612E-20 -5.42428E-23 -1.37334E-17  2.21448E-07  1.90065E-15 -6.60943E-08  2.88766E-03  1.04014E-12 -1.15570E-23  1.44397E-05  1.54103E-17 -7.89675E-18  2.15403E-22  9.32291E-12 -1.13065E-17  6.85596E-19  1.14386E-17  2.30621E-01 -3.12431E-07 -7.97253E-07  6.27799E-04  9.45440E-18  1.68564E-29  5.02209E-06 -1.31670E-25  7.42650E-13  3.00330E-19  3.47989E-21  3.67812E-32  1.21617E-13  3.18117E-06  1.09645E-06  1.85123E-25  3.02602E-35 -5.44601E-06  1.58082E-22  7.65841E-01
 1.5195312 -1.01303E-12  5.22911E-06  1.75209E-20 -2.90525E-23 -1.10987E-17  1.98843E-07  1.82924E-15 -3.84274E-08  2.78212E-03  9.91922E-13 -6.42518E-24  1.20642E-05  1.47316E-17 -4.13171E-18  1.60675E-22  8.84622E-12 -1.09418E-17  6.20478E-19  8.12469E-18  2.30717E-01  1.63787E-06 -2.88572E-06  5.95470E-04  8.89268E-18  1.09663E-29  9.69292E-06 -1.25288E-25  7.53971E-13  2.78675E-19  3.22718E-21  9.38011E-32  1.13204E-13  1.15842E-05  1.13321E-06  1.74513E-25  2.43191E-35 -1.60370E-05  1.46431E-22  7.65883E-01
 1.5214844 -3.24891E-13  5.10336E-06  1.25816E-20 -2.42234E-24 -5.24622E-18  1.57631E-07  1.69387E-15 -1.28489E-08  2.58161E-03  9.01891E-13 -1.81022E-24  8.72970E-06  1.34598E-17 -9.19777E-19  4.64052E-23  7.95965E-12 -1.01763E-17  5.00846E-19  1.93921E-19  2.30897E-01  3.97830E-06 -5.42746E-06  5.35635E-04  7.86689E-18  1.23950E-30  1.49510E-05 -1.11624E-25  7.65191E-13  2.39813E-19  2.77668E-21 -1.26655E-32  9.81054E-14  2.08981E-05  1.18003E-06  1.50331E-25  1.58333E-35 -2.77261E-05  1.25690E-22  7.65964E-01
 1.5234375 -1.78202E-13  4.97979E-06  8.88730E-21  1.81418E-24 -8.00759E-20  1.24459E-07  1.56797E-15 -9.46129E-09  2.39450E-03  8.19772E-13 -8.70825E-25  6.60202E-06  1.22945E-17 -5.36468E-19  3.22527E-24  7.15841E-12 -9.40223E-18  3.94743E-19 -6.69433E-18  2.31062E-01  5.05753E-06 -6.62312E-06  4.81690E-04  6.95830E-18 -1.17529E-30  1.69320E-05 -9.85903E-26  7.56295E-13  2.06716E-19  2.38965E-21  2.91935E-33  8.50321E-14  2.43416E-05  1.18302E-06  1.28708E-25  1.06140E-35 -3.19663E-05  1.07918E-22  7.66041E-01
 1.5273438 -6.54168E-15  4.73936E-06  4.57884E-21 -5.81610E-26  2.47559E-18  8.09451E-08  1.34257E-15 -1.23191E-10  2.05744E-03  6.76658E-13 -1.89424E-26  5.42361E-06  1.02495E-17  1.46397E-19  3.03966E-25  5.78170E-12 -7.90887E-18  2.32630E-19 -4.99578E-18  2.31356E-01  4.06578E-06 -5.62636E-06  3.89252E-04  5.44076E-18  5.37119E-32  1.32520E-05 -7.65618E-26  6.89570E-13  1.53703E-19  1.77053E-21  4.49590E-33  6.38912E-14  1.84155E-05  1.08308E-06  9.60071E-26  4.87933E-36 -2.42611E-05  7.96020E-23  7.66180E-01
 1.5312500 -1.45329E-15  4.50796E-06  2.45099E-21 -3.67296E-27  2.63157E-18  5.43608E-08  1.14815E-15 -7.06968E-11  1.76494E-03  5.57673E-13 -9.11719E-28  4.47189E-06  8.53296E-18  7.72728E-20 -2.16866E-26  4.66122E-12 -6.57645E-18  1.35766E-19 -2.44086E-18  2.31605E-01  3.28734E-06 -4.76056E-06  3.14065E-04  4.24688E-18 -3.35009E-33  1.03133E-05 -5.87023E-26  5.94793E-13  1.14196E-19  1.30974E-21  4.12935E-33  4.79319E-14  1.38756E-05  9.33701E-07  7.14092E-26  2.36805E-36 -1.83090E-05  5.86272E-23  7.66301E-01
 1.5351562 -5.85005E-16  4.28574E-06  1.35436E-21 -9.58363E-28  2.20493E-18  3.75510E-08  9.81186E-16 -2.97135E-11  1.51242E-03  4.59305E-13  4.61780E-28  3.70091E-06  7.09939E-18  4.19643E-20 -2.60254E-26  3.75512E-12 -5.42895E-18  8.04159E-20 -9.51757E-19  2.31815E-01  2.66902E-06 -4.01575E-06  2.53279E-04  3.31416E-18 -2.59502E-33  7.99857E-06 -4.48074E-26  4.96847E-13  8.48921E-20  9.69516E-22  3.63825E-33  3.59754E-14  1.04664E-05  7.78980E-07  5.31458E-26  1.21215E-36 -1.38174E-05  4.32137E-23  7.66407E-01
 1.5390625 -2.89791E-16  4.07277E-06  7.69768E-22 -3.05530E-28  1.71086E-18  2.65672E-08  8.38411E-16 -1.51438E-11  1.29549E-03  3.78411E-13  4.72887E-28  3.06684E-06  5.90797E-18  2.32117E-20 -1.48421E-26  3.02677E-12 -4.46245E-18  4.88962E-20 -2.45607E-19  2.31992E-01  2.18354E-06 -3.39010E-06  2.04416E-04  2.59023E-18 -1.41074E-33  6.21815E-06 -3.42130E-26  4.07557E-13  6.32993E-20  7.20192E-22  3.08933E-33  2.70820E-14  7.94970E-06  6.38391E-07  3.96849E-26  6.53213E-37 -1.04920E-05  3.19720E-23  7.66498E-01
 1.5468750 -9.96917E-17  3.67418E-06  2.80237E-22 -4.51003E-29  9.29892E-19  1.48190E-08  6.12160E-16 -5.80431E-12  9.49817E-04  2.57130E-13  2.32469E-28  2.10490E-06  4.09466E-18  7.96202E-21 -4.51993E-27  1.96929E-12 -2.97919E-18  1.95020E-20  8.33842E-20  2.32264E-01  1.50479E-06 -2.43246E-06  1.33436E-04  1.58856E-18 -4.27174E-34  3.80391E-06 -2.00051E-26  2.64164E-13  3.54368E-20  4.01016E-22  2.01795E-33  1.54652E-14  4.71019E-06  4.12949E-07  2.23158E-26  2.16673E-37 -6.19670E-06  1.76709E-23  7.66645E-01
 1.5546875 -4.29353E-17  3.31089E-06  1.10373E-22 -8.26294E-30  4.76309E-19  8.86976E-09  4.46405E-16 -3.07056E-12  6.95060E-04  1.74340E-13  1.00831E-28  1.42735E-06  2.83272E-18  2.95092E-21 -1.49436E-27  1.27633E-12 -1.96469E-18  8.62695E-21  9.55930E-20  2.32457E-01  1.06988E-06 -1.76306E-06  8.68648E-05  9.70154E-19 -1.45659E-34  2.36894E-06 -1.16200E-26  1.68114E-13  1.96851E-20  2.21850E-22  1.10769E-33  8.78139E-15  2.88272E-06  2.62510E-07  1.24665E-26  8.15095E-38 -3.77276E-06  9.70295E-24  7.66756E-01
 1.5625000 -2.19280E-17  2.98156E-06  4.68109E-23 -1.59484E-30  2.35873E-19  5.65162E-09  3.26396E-16 -2.09436E-12  5.09712E-04  1.18605E-13  4.46154E-29  9.52917E-07  1.96603E-18  1.17841E-21 -5.60856E-28  8.29140E-13 -1.29354E-18  4.22400E-21  6.15339E-20  2.32592E-01  7.89892E-07 -1.30001E-06  5.67561E-05  5.94622E-19 -5.84495E-35  1.53531E-06 -6.76574E-27  1.07284E-13  1.09587E-20  1.23112E-22  4.76949E-34  5.00337E-15  1.87026E-06  1.67837E-07  6.98001E-27  3.41260E-38 -2.43179E-06  5.34459E-24  7.66837E-01
 1.5703125 -1.31075E-17  2.68440E-06  2.15005E-23 -2.49914E-31  1.14992E-19  3.83534E-09  2.40422E-16 -1.79924E-12  3.76387E-04  8.15456E-14  2.08921E-29  6.23356E-07  1.37781E-18  5.09781E-22 -2.38200E-28  5.44484E-13 -8.61478E-19  2.28305E-21  3.40002E-20  2.32685E-01  6.09696E-07 -9.82570E-07  3.75454E-05  3.69915E-19 -2.72849E-35  1.05967E-06 -4.00100E-27  6.98578E-14  6.21002E-21  6.95852E-23  1.03042E-34  2.90153E-15  1.31850E-06  1.10053E-07  3.97230E-27  1.57371E-38 -1.70224E-06  2.99961E-24  7.66897E-01
 1.5781250 -4.69171E-18  2.41738E-06  1.08631E-23  1.56244E-31  5.65185E-20  2.79479E-09  1.79413E-16 -8.66534E-13  2.81451E-04  5.71786E-14  1.17308E-29  3.96378E-07  9.82838E-19  2.47137E-22 -7.41889E-29  3.65495E-13 -5.89490E-19  1.35904E-21  1.79018E-20  2.32749E-01  4.94429E-07 -7.66884E-07  2.54333E-05  2.37233E-19 -1.44931E-35  7.92232E-07 -2.44877E-27  4.71075E-14  3.66651E-21  4.09962E-23 -8.96680E-35  1.74888E-15  1.02249E-06  7.52124E-08  2.34712E-27  8.00152E-39 -1.31100E-06  1.75659E-24  7.66941E-01
 1.5937500 -5.64945E-16  1.96317E-06  3.94615E-24  2.49948E-28  2.15879E-20  1.94835E-09  1.04682E-16 -3.65940E-10  1.64711E-04  3.01825E-14 -7.01027E-29  1.28157E-07  5.33100E-19 -7.25640E-22  7.21619E-27  1.78351E-13 -3.06127E-19  5.93729E-22  6.37228E-21  2.32824E-01  3.75315E-07 -5.19525E-07  1.27216E-05  1.09152E-19 -4.00630E-35  5.50617E-07 -1.04214E-27  2.38006E-14  1.49309E-21  1.66544E-23 -2.01811E-34  7.34175E-16  7.71299E-07  3.89489E-08  9.42136E-28  2.67004E-39 -9.76090E-07  7.07227E-25  7.66997E-01
 1.6250000  6.06209E-14  1.30073E-06  1.41397E-24  3.38487E-27  3.02910E-20  2.03365E-09  4.05259E-17  3.62437E-08  6.40121E-05  1.01243E-14  2.65273E-27  1.80489E-07  1.85729E-19  2.30939E-20 -1.79769E-25  4.99900E-14 -1.14419E-19  1.24465E-22  4.13917E-21  2.32883E-01 -1.32227E-08 -9.63078E-10  3.96155E-06  3.03713E-20 -3.54547E-34 -1.29105E-07 -2.47348E-28  6.92585E-15  3.54968E-22  3.94001E-24 -1.74665E-34  1.81271E-16  1.19087E-09  9.44860E-09  1.95315E-28  4.72033E-40 -2.62848E-09  1.65535E-25  7.67047E-01
 1.6875000  1.26504E-15  5.69287E-07  6.13151E-26  4.07919E-28  1.74152E-20  5.45701E-10  7.51259E-18  8.32135E-09  1.19251E-05  1.53894E-15  9.84294E-30  3.08272E-08  2.97434E-20  6.92429E-22 -1.04517E-26  6.63627E-15 -2.81723E-20  1.15025E-23  2.52297E-23  2.32912E-01 -1.45374E-09  2.05470E-12  5.45259E-07  3.61046E-21 -5.50331E-36 -1.27135E-08 -2.61530E-29  6.61215E-16  3.45451E-23  3.82222E-25 -2.48782E-35  1.85345E-17  2.88560E-12  9.42031E-10  1.90528E-29  4.24709E-41 -1.13525E-10  1.58435E-26  7.67075E-01
 1.7500000  3.48593E-17  2.40391E-07  2.59346E-27  4.02476E-29  7.47388E-21  1.32995E-10  1.35769E-18  1.94800E-09  2.16514E-06  2.28770E-16  9.33616E-32  5.20924E-09  4.65523E-21  2.14770E-23 -7.45178E-28  8.81224E-16 -8.32460E-21  1.11202E-24  5.30236E-26  2.32917E-01 -2.17328E-10  7.81790E-12  7.35026E-08  4.21173E-22 -7.23665E-38 -1.29434E-09 -2.74805E-30  6.22073E-17  3.30678E-24  3.65025E-26 -2.95913E-36  1.86311E-18  2.51409E-14  9.23556E-11  1.88411E-30  4.13356E-42 -1.05558E-11  1.49188E-27  7.67081E-01
 1.8250000  1.02768E-18  8.10328E-08  6.40237E-29  1.74983E-30  1.88771E-21  2.37150E-11  1.78565E-19  3.40687E-10  2.86137E-07  2.45538E-17  1.29075E-33  6.40073E-10  5.27069E-22  3.60838E-25 -2.69449E-29  8.47019E-17 -1.72034E-21  7.77168E-26 -2.50019E-27  2.32917E-01 -2.60714E-11  1.25332E-12  7.13208E-09  3.52353E-23 -3.03141E-40 -9.56327E-11 -2.06998E-31  4.29677E-18  2.26161E-25  2.49030E-27 -2.35999E-37  1.33919E-19  6.53951E-16  6.47176E-12  1.33624E-31  2.92368E-43 -7.20955E-13  1.00345E-28  7.67082E-01
 1.9000000  2.87247E-20  2.28779E-08 -1.22382E-30 -6.91091E-31  2.20064E-22  2.89671E-12  1.48735E-20  4.07864E-11  2.39766E-08  1.59364E-18  1.00256E-35  4.90155E-11  3.65059E-23  2.45699E-27 -2.90339E-31  4.82002E-18 -1.54032E-22  3.04897E-27 -3.46266E-29  2.32918E-01 -1.99107E-12  9.67694E-14  4.09979E-10  1.69907E-24  4.83738E-43 -3.99533E-12 -8.83209E-33  1.77238E-19  8.63181E-27  9.47746E-29 -9.71683E-39  5.41208E-21  2.35595E-17  2.53991E-13  5.26308E-33  1.15108E-44 -2.75291E-14  3.75721E-30  7.67082E-01
 1.9250000  6.79134E-21  1.41343E-08  8.48350E-32  3.59391E-33  8.42044E-23  1.15354E-12  4.65239E-21  1.60499E-11  7.52963E-09  4.19986E-19  1.07988E-36  1.44892E-11  1.00704E-23  2.31863E-28 -3.81595E-32  1.15560E-18 -5.22998E-23  5.51134E-28 -3.62734E-30  2.32918E-01 -5.87879E-13  2.84622E-14  9.90183E-11  3.60128E-25  1.23853E-43 -7.58498E-13 -1.70441E-33  3.26532E-20  1.52631E-27  1.67204E-29 -1.81956E-39  1.00111E-21  4.12745E-18  4.59126E-14  9.54170E-34  2.08678E-45 -4.86978E-15  6.54343E-31  7.67082E-01
 1.9500000  1.61980E-21  8.71930E-09  1.09809E-32  5.21405E-34  3.14101E-23  4.57852E-13  1.44935E-21  6.29496E-12  2.35505E-09  1.10182E-19  1.15850E-37  4.26498E-12  2.76573E-24  2.16989E-29 -5.08052E-33  2.75740E-19 -1.76414E-23  9.90946E-29 -4.01989E-31  2.32918E-01 -1.72928E-13  8.27849E-15  2.38017E-11  7.59484E-26  1.51714E-44 -1.43245E-13 -3.27204E-34  5.93498E-21  2.68440E-28  2.93404E-30 -3.38056E-40  1.84205E-22  7.29880E-19  8.25521E-15  1.72059E-34  3.76289E-46 -8.56836E-16  1.13344E-31  7.67082E-01
 1.9750000  3.87798E-22  5.37476E-09  1.40013E-33  7.18600E-35  1.11281E-23  1.81408E-13  4.50504E-22  2.46459E-12  7.34952E-10  2.88330E-20  1.24005E-38  1.25250E-12  7.57723E-25  2.02180E-30 -6.46664E-34  6.56192E-20 -5.50716E-24  1.77633E-29 -4.34648E-32  2.32918E-01 -5.07765E-14  2.39579E-15  5.70618E-12  1.59715E-26  1.44970E-45 -2.69717E-14 -6.26290E-35  1.08685E-21  4.70674E-29  5.13277E-31 -6.22135E-41  3.37919E-23  1.29581E-19  1.47980E-15  3.09070E-35  6.75919E-47 -1.50299E-16  1.95728E-32  7.67082E-01
 2.0000000  2.76731E-22  3.31243E-09  4.43003E-34  2.27366E-35  3.46540E-24  7.18419E-14  1.39937E-22  9.64420E-13  2.29206E-10  7.53932E-21  3.21890E-39  3.67561E-13  2.07437E-25  4.83835E-31 -1.47523E-34  1.56027E-20 -1.24821E-24  4.19980E-30 -1.02764E-32  2.32918E-01 -1.49136E-14  7.00229E-16  1.36687E-12  3.35572E-27  2.78187E-46 -5.07377E-15 -1.19765E-35  2.39215E-22  8.24473E-30  8.97051E-32 -1.02595E-41  6.19313E-24  2.32061E-20  2.65010E-16  5.51843E-36  1.20685E-47 -2.63390E-17  3.37664E-33  7.67082E-01
